Received Map request from master
Points =  [(2.552573964893323, 17.536987084919097), (24.281737705586114, 48.02641007037477), (14.536067497498816, 51.3905894486027), (12.289008223892928, 76.22457846480101), (30.934672692775134, 62.34121834917595)]
Keys =  [(0, (2.552573964893323, 17.536987084919097), 1), (1, (24.281737705586114, 48.02641007037477), 1), (1, (14.536067497498816, 51.3905894486027), 1), (1, (12.289008223892928, 76.22457846480101), 1), (1, (30.934672692775134, 62.34121834917595), 1)]
Received Map request from master
Points =  [(2.552573964893323, 17.536987084919097), (24.281737705586114, 48.02641007037477), (14.536067497498816, 51.3905894486027), (12.289008223892928, 76.22457846480101), (30.934672692775134, 62.34121834917595)]
Keys =  [(0, (2.552573964893323, 17.536987084919097), 1), (1, (24.281737705586114, 48.02641007037477), 1), (1, (14.536067497498816, 51.3905894486027), 1), (1, (12.289008223892928, 76.22457846480101), 1), (1, (30.934672692775134, 62.34121834917595), 1)]
