Received Map request from master
Points =  [(81.15927937347692, 57.750360036814705), (31.557122052707076, 36.90041258086754), (46.66353476332117, 42.536829675995506), (30.2214411954406, 60.63826278594955), (15.256211095947226, 62.08885022713485)]
Keys =  [(0, (81.15927937347692, 57.750360036814705), 1), (0, (31.557122052707076, 36.90041258086754), 1), (0, (46.66353476332117, 42.536829675995506), 1), (1, (30.2214411954406, 60.63826278594955), 1), (1, (15.256211095947226, 62.08885022713485), 1)]
Received Map request from master
Points =  [(81.15927937347692, 57.750360036814705), (31.557122052707076, 36.90041258086754), (46.66353476332117, 42.536829675995506), (30.2214411954406, 60.63826278594955), (15.256211095947226, 62.08885022713485)]
Keys =  [(0, (81.15927937347692, 57.750360036814705), 1), (0, (31.557122052707076, 36.90041258086754), 1), (0, (46.66353476332117, 42.536829675995506), 1), (1, (30.2214411954406, 60.63826278594955), 1), (1, (15.256211095947226, 62.08885022713485), 1)]
