Received Map request from master
Points =  [(2.4253966361924117, 14.200140998826638), (81.430136979439, 50.33034624768575), (12.630863179096908, 96.83125993903082), (85.32433236307622, 38.85085293948647), (10.948801251154682, 63.84346297199029)]
Keys =  [(0, (2.4253966361924117, 14.200140998826638), 1), (0, (81.430136979439, 50.33034624768575), 1), (1, (12.630863179096908, 96.83125993903082), 1), (0, (85.32433236307622, 38.85085293948647), 1), (1, (10.948801251154682, 63.84346297199029), 1)]
Received Map request from master
Points =  [(2.4253966361924117, 14.200140998826638), (81.430136979439, 50.33034624768575), (12.630863179096908, 96.83125993903082), (85.32433236307622, 38.85085293948647), (10.948801251154682, 63.84346297199029)]
Keys =  [(0, (2.4253966361924117, 14.200140998826638), 1), (0, (81.430136979439, 50.33034624768575), 1), (1, (12.630863179096908, 96.83125993903082), 1), (0, (85.32433236307622, 38.85085293948647), 1), (1, (10.948801251154682, 63.84346297199029), 1)]
