Received Map request from master
Points =  [(65.92469227195072, 51.192695664924834), (22.918984884832927, 86.29388886815464), (37.59627649460666, 83.10255966867024), (88.28421977908025, 12.067049557489574), (41.94706427555632, 76.82403075144262)]
Keys =  [(0, (65.92469227195072, 51.192695664924834), 1), (1, (22.918984884832927, 86.29388886815464), 1), (1, (37.59627649460666, 83.10255966867024), 1), (0, (88.28421977908025, 12.067049557489574), 1), (1, (41.94706427555632, 76.82403075144262), 1)]
Received Map request from master
Points =  [(65.92469227195072, 51.192695664924834), (22.918984884832927, 86.29388886815464), (37.59627649460666, 83.10255966867024), (88.28421977908025, 12.067049557489574), (41.94706427555632, 76.82403075144262)]
Keys =  [(0, (65.92469227195072, 51.192695664924834), 1), (1, (22.918984884832927, 86.29388886815464), 1), (1, (37.59627649460666, 83.10255966867024), 1), (0, (88.28421977908025, 12.067049557489574), 1), (1, (41.94706427555632, 76.82403075144262), 1)]
