Received Map request from master
Points =  [(-2.482123162926307, 0.918755037403479), (-2.1220919039466875, 2.4799390119622435), (-3.5220946690619703, 1.5421797027640214), (-3.4945590233703494, -0.3815968792359239), (2.3436918696420217, -3.575565534259063), (1.0570520734787303, -5.389893588350955), (1.0427483324807998, -5.6891166212107), (0.005356136621127772, -5.505662769599534)]
Keys =  [(1, (-2.482123162926307, 0.918755037403479), 1), (1, (-2.1220919039466875, 2.4799390119622435), 1), (1, (-3.5220946690619703, 1.5421797027640214), 1), (1, (-3.4945590233703494, -0.3815968792359239), 1), (0, (2.3436918696420217, -3.575565534259063), 1), (0, (1.0570520734787303, -5.389893588350955), 1), (0, (1.0427483324807998, -5.6891166212107), 1), (0, (0.005356136621127772, -5.505662769599534), 1)]
Received Map request from master
Points =  [(-2.482123162926307, 0.918755037403479), (-2.1220919039466875, 2.4799390119622435), (-3.5220946690619703, 1.5421797027640214), (-3.4945590233703494, -0.3815968792359239), (2.3436918696420217, -3.575565534259063), (1.0570520734787303, -5.389893588350955), (1.0427483324807998, -5.6891166212107), (0.005356136621127772, -5.505662769599534)]
Keys =  [(1, (-2.482123162926307, 0.918755037403479), 1), (1, (-2.1220919039466875, 2.4799390119622435), 1), (1, (-3.5220946690619703, 1.5421797027640214), 1), (1, (-3.4945590233703494, -0.3815968792359239), 1), (0, (2.3436918696420217, -3.575565534259063), 1), (0, (1.0570520734787303, -5.389893588350955), 1), (0, (1.0427483324807998, -5.6891166212107), 1), (0, (0.005356136621127772, -5.505662769599534), 1)]
